version:2
1709031
1718010
1718013
1719119
1719001
1718403
1718409
1719008
1719017
1719018
1719019
1719107
1719108
1719109
1719120
1719118
1708689
1718752
1718767
1708446
1718038
1718042
1719769
1708949
1719044
1719767
1708496
1718059
1718063
1708095
1719030
1719041
1719866
1715031
1715030
1708979
1719760
1719765
1707661
1719864
1719991
1719992
1713083
1713084
1708874
1718768
1718860
1718994
1708884
1718990
1718880
1719754
1707354
1718157
1719437
1713153
1707942
1718462
1713379
1713619
1717394
1707525
1718337
1718345
1718346
1708258
1719632
1719643
1708514
1718628
1718638
1718639
1708644
1718645
1713510
1708779
1719525
1708784
1719340
1715516
1708537
1719542
1717537
1707626
1718167
1718534
1718538
1708623
1718617
1718676
1718678
1708534
1716538
1707646
1717168
1708639
1713539
1709164
1718571
1719586
1719587
1719669
1713004
1713162
1713550
1715986
1716573
1713071
1713095
1713187
1713241
1715197
1713295
1713561
1713637
1713683
1713721
1713808
1713851
1713906
1713931
1715207
1715318
1715327
1716327
1715693
1715802
1716178
1716583
1719176
1700010
1700021
1700669
1701597
1701570
1701774
1701784
1701751
1701340
1701374
1701459
1701534
1701802
1701637
1701664
1701622
1701417
1701410
1701117
1701823
1701923
1701196
1701984
1701275
1701904
1701253
1701214
1701504
1700495
1700496
1700642
1701005
1701730
1701234
1701028
1701727
1701236
1701020
1715001
1715002
1715016
1715752
1719482
1715997
1715756
1715880
1715881
1715085
1715482
1715760
1713667
1713762
1713385
1713038
1715051
1715058
1715515
1713674
1716549
1713105
1713230
1713641
1715271
1713814
1713914
1719217
1719218
1719219
1702017
1701022
1702008
1702008
1701186